version https://git-lfs.github.com/spec/v1
oid sha256:bb4d61981d802aae0be0fba527ee413a8cb2407a149694424420012cbc8113c6
size 15543130
